plane:
  a: -0.9559999680769744
  b: -0.11758756023510968
  c: 0.26876983966728557
  d: -101.38568991690914
triangulation_angle_deg: 74.40849903722958
