plane:
  a: 0.9443927523911347
  b: 0.0194609077671095
  c: 0.3282432060225723
  d: -100.99394586131318
triangulation_angle_deg: 70.83672479290118
